<!DOCTYPE html>
<html>
<head>
    <title>a</title>
  <meta charset="utf-8"/>

  <link rel="stylesheet" type="text/css" href="//fonts.googleapis.com/css?family=Nova+Round">
  
  <link rel="stylesheet" href="style.css">
  <script src="https://cdnjs.cloudflare.com/ajax/libs/tween.js/16.3.5/Tween.min.js"></script>
  <script src="js/three.min.js"></script>
  <script src="js/TrackballControls.js"></script>
  <script src="js/CSS3DRenderer.js"></script>

</head>
<body>

        <div id="container">
			<div style="overflow: hidden; transform-style: preserve-3d; perspective-origin: 50% 50%; width: 1060px; height: 248px; position: absolute; perspective: 193.529px;">
				
				<div style="transform-style: preserve-3d; width: 1060px; height: 248px; transform: translate3d(0px, 0px, 193.529px) matrix3d(0.465303, 0.880859, 0.0870634, 0, 0.774003, -0.357182, -0.52282, 0, 0.429433, -0.310657, 0.847985, 0, -2.66994e-05, 3.43587e-05, -2064.36, 1) translate3d(530px, 148.5px, 0px);">
					
						<a class="element Column" href="https://webnaut.jp/column/20171010-3560/" style="background-color: rgba(0, 127, 127, 0.52); position: absolute; transform-style: preserve-3d; transform: translate3d(-50%, -50%, 0px) matrix3d(-1, 0, 0, 0, 0, -1, 0, 0, 0, 0, -1, 0, 0, 0, -1000, 1);">
						<img src="2.jpg"></a>
						
						<a class="element Column" href="https://webnaut.jp/column/20170705-3214/" style="background-color: rgba(0, 127, 127, 0.443); position: absolute; transform-style: preserve-3d; transform: translate3d(-50%, -50%, 0px) matrix3d(-0.999999, 0, -0.00115184, 0, -0.000378575, -0.944445, 0.328669, 0, 0.00108785, -0.328669, -0.944444, 0, 1.08785, -328.669, -944.444, 1);">
							<img src="2.jpg">
						</a>


						<a class="element Column" href="https://webnaut.jp/column/20170331-2565/" style="background-color: rgba(0, 127, 127, 0.663); position: absolute; transform-style: preserve-3d; transform: translate3d(-50%, -50%, 0px) matrix3d(-0.88941, 0, 0.457111, 0, 0.0156407, -0.999414, 0.0304325, 0, -0.456843, -0.0342165, -0.888889, 0, -456.843, -34.2165, -888.889, 1);">
							<img src="2.jpg">
						</a>
						
						<a class="element Column" href="https://webnaut.jp/column/20170316-2279/" style="background-color: rgba(0, 127, 127, 0.718); position: absolute; transform-style: preserve-3d; transform: translate3d(-50%, -50%, 0px) matrix3d(-0.956492, 0, 0.291759, 0, -0.143212, -0.871239, -0.469502, 0, -0.254192, 0.490858, -0.833333, 0, -254.192, 490.858, -833.333, 1);">
							<img src="2.jpg">
						</a>
						
						<a class="element Column" href="https://webnaut.jp/column/20170105-1761/" style="background-color: rgba(0, 127, 127, 0.55); position: absolute; transform-style: preserve-3d; transform: translate3d(-50%, -50%, 0px) matrix3d(-0.927598, 0, -0.373581, 0, 0.203573, -0.838486, -0.505469, 0, 0.313242, 0.544923, -0.777778, 0, 313.242, 544.923, -777.778, 1);">
							<img src="2.jpg">
						</a>
						
						<a class="element Column" href="https://webnaut.jp/design/1178.html" style="background-color: rgba(0, 127, 127, 0.267); position: absolute; transform-style: preserve-3d; transform: translate3d(-50%, -50%, 0px) matrix3d(-0.726352, 0, -0.687323, 0, 0.0731889, -0.994314, -0.0773449, 0, 0.683415, 0.106484, -0.722222, 0, 683.415, 106.484, -722.222, 1);">
							<img src="2.jpg">
						</a>
						
						<a class="element Column" href="https://webnaut.jp/others/1176.html" style="background-color: rgba(0, 127, 127, 0.384); position: absolute; transform-style: preserve-3d; transform: translate3d(-50%, -50%, 0px) matrix3d(-0.751381, 0, -0.659868, 0, -0.304384, -0.887255, 0.346597, 0, 0.585471, -0.46128, -0.666667, 0, 585.471, -461.28, -666.667, 1);">
							<img src="2.jpg">
						</a>
						
						<a class="element Column" href="https://webnaut.jp/direction/1137.html" style="background-color: rgba(0, 127, 127, 0.6); position: absolute; transform-style: preserve-3d; transform: translate3d(-50%, -50%, 0px) matrix3d(-0.985146, 0, -0.171717, 0, -0.134685, -0.620325, 0.772694, 0, 0.10652, -0.784345, -0.611111, 0, 106.52, -784.345, -611.111, 1);">
							<img src="2.jpg">
						</a>
						
						<a class="element Column" href="https://webnaut.jp/direction/1132.html" style="background-color: rgba(0, 127, 127, 0.337); position: absolute; transform-style: preserve-3d; transform: translate3d(-50%, -50%, 0px) matrix3d(-0.767162, 0, 0.641454, 0, 0.44236, -0.72417, 0.529051, 0, -0.464521, -0.689622, -0.555556, 0, -464.521, -689.622, -555.556, 1);">
							<img src="2.jpg">
						</a>
						
						<a class="element Design" href="https://webnaut.jp/know-how/20171013-3631/" style="background-color: rgba(0, 127, 127, 0.7); position: absolute; transform-style: preserve-3d; transform: translate3d(-50%, -50%, 0px) matrix3d(-0.515202, 0, 0.857069, 0, 0.206666, -0.970493, 0.124231, 0, -0.831779, -0.241131, -0.5, 0, -831.779, -241.131, -500, 1);">
							<img src="2.jpg">
						</a>
						
						<a class="element Design" href="https://webnaut.jp/design/20170919-3462/" style="background-color: rgba(0, 127, 127, 0.27); position: absolute; transform-style: preserve-3d; transform: translate3d(-50%, -50%, 0px) matrix3d(-0.472448, 0, 0.881358, 0, -0.298927, -0.940726, -0.160239, 0, -0.829117, 0.339167, -0.444444, 0, -829.117, 339.167, -444.444, 1);">
							<img src="2.jpg">
						</a>
						
						<a class="element Design" href="https://webnaut.jp/design/20170831-3361/" style="background-color: rgba(0, 127, 127, 0.28); position: absolute; transform-style: preserve-3d; transform: translate3d(-50%, -50%, 0px) matrix3d(-0.639386, 0, 0.768886, 0, -0.610316, -0.608222, -0.507524, 0, -0.467653, 0.793767, -0.388889, 0, -467.653, 793.767, -388.889, 1);">
							<img src="2.jpg">
						</a>
						
						<a class="element Design" href="https://webnaut.jp/design/20170330-2303/" style="background-color: rgba(0, 127, 127, 0.518); position: absolute; transform-style: preserve-3d; transform: translate3d(-50%, -50%, 0px) matrix3d(-0.961446, 0, -0.274994, 0, 0.257938, -0.3467, -0.901813, 0, 0.0953403, 0.937976, -0.333333, 0, 95.3403, 937.976, -333.333, 1);">
							<img src="2.jpg"></a>
							
						<a class="element Design" href="https://webnaut.jp/design/20170313-2228/" style="background-color: rgba(0, 127, 127, 0.725); position: absolute; transform-style: preserve-3d; transform: translate3d(-50%, -50%, 0px) matrix3d(-0.400878, 0, -0.916132, 0, 0.66054, -0.692924, -0.289037, 0, 0.63481, 0.72101, -0.277778, 0, 634.81, 721.01, -277.778, 1);">
							<img src="2.jpg">
						</a>
						
						<a class="element Design" href="https://webnaut.jp/design/20170201-2011/" style="background-color: rgba(0, 127, 127, 0.443); position: absolute; transform-style: preserve-3d; transform: translate3d(-50%, -50%, 0px) matrix3d(-0.228368, 0, -0.973575, 0, 0.22434, -0.973089, -0.0526226, 0, 0.947375, 0.230429, -0.222222, 0, 947.375, 230.429, -222.222, 1);">
							<img src="2.jpg">
						</a>
						
						<a class="element Design" href="https://webnaut.jp/design/1210.html" style="background-color: rgba(0, 127, 127, 0.314); position: absolute; transform-style: preserve-3d; transform: translate3d(-50%, -50%, 0px) matrix3d(-0.177981, 0, -0.984034, 0, -0.345257, -0.936428, 0.0624462, 0, 0.921477, -0.350859, -0.166667, 0, 921.477, -350.859, -166.667, 1);">
							<img src="2.jpg">
						</a>
						
						<a class="element Design" href="https://webnaut.jp/design/1206.html" style="background-color: rgba(0, 127, 127, 0.573); position: absolute; transform-style: preserve-3d; transform: translate3d(-50%, -50%, 0px) matrix3d(-0.19147, 0, -0.981498, 0, -0.799331, -0.580305, 0.155933, 0, 0.569569, -0.814399, -0.111111, 0, 569.569, -814.399, -111.111, 1);">
							<img src="2.jpg">
						</a>
						
						<a class="element Design" href="https://webnaut.jp/design/1204.html" style="background-color: rgba(0, 127, 127, 0.533); position: absolute; transform-style: preserve-3d; transform: translate3d(-50%, -50%, 0px) matrix3d(-0.954686, 0, -0.297616, 0, -0.297112, -0.0581925, 0.953068, 0, 0.017319, -0.998305, -0.0555556, 0, 17.319, -998.305, -55.5556, 1);">
							<img src="2.jpg">
						</a>
						
						<a class="element Design" href="https://webnaut.jp/know-how/20171013-3631/" style="background-color: rgba(0, 127, 127, 0.29); position: absolute; transform-style: preserve-3d; transform: translate3d(-50%, -50%, 0px) matrix3d(0, 0, 1, 0, 0.839858, -0.542807, 0, 0, -0.542807, -0.839858, 0, 0, -542.807, -839.858, 0, 1);">
							<img src="2.jpg">
						</a>
							
						<a class="element Know-how" href="https://webnaut.jp/know-how/20170905-3415/" style="background-color: rgba(0, 127, 127, 0.41); position: absolute; transform-style: preserve-3d; transform: translate3d(-50%, -50%, 0px) matrix3d(0.0604515, 0, 0.998171, 0, 0.393514, -0.91901, -0.0238321, 0, -0.917329, -0.394235, 0.0555555, 0, -917.329, -394.235, 55.5556, 1);">
							<img src="2.jpg">
						</a>
							
						<a class="element Know-how" href="https://webnaut.jp/know-how/20170628-3187/" style="background-color: rgba(0, 127, 127, 0.482); position: absolute; transform-style: preserve-3d; transform: translate3d(-50%, -50%, 0px) matrix3d(0.113059, 0, 0.993588, 0, -0.183634, -0.982772, 0.0208955, 0, -0.976471, 0.184819, 0.111111, 0, -976.471, 184.82, 111.111, 1);">
							<img src="2.jpg">
						</a>
						
						<a class="element Know-how" href="https://webnaut.jp/know-how/20170619-3153/" style="background-color: rgba(0, 127, 127, 0.455); position: absolute; transform-style: preserve-3d; transform: translate3d(-50%, -50%, 0px) matrix3d(0.232132, 0, 0.972684, 0, -0.677048, -0.717982, 0.161578, 0, -0.69837, 0.696062, 0.166667, 0, -698.37, 696.062, 166.667, 1);">
							<img src="2.jpg">
						</a>
						
						<a class="element Know-how" href="https://webnaut.jp/know-how/20170421-2936/" style="background-color: rgba(0, 127, 127, 0.38); position: absolute; transform-style: preserve-3d; transform: translate3d(-50%, -50%, 0px) matrix3d(0.778757, 0, 0.627326, 0, -0.601243, -0.285355, 0.746377, 0, -0.179011, 0.958422, 0.222222, 0, -179.011, 958.422, 222.222, 1);">
							<img src="2.jpg">
						</a>

						<a class="element Know-how" href="https://webnaut.jp/know-how/20170404-2461/" style="background-color: rgba(0, 127, 127, 0.643); position: absolute; transform-style: preserve-3d; transform: translate3d(-50%, -50%, 0px) matrix3d(0.573624, 0, -0.819119, 0, 0.716671, -0.484251, 0.50188, 0, 0.396659, 0.874929, 0.277778, 0, 396.659, 874.929, 277.778, 1);">
								<img src="2.jpg"></a>
						
						<a class="element Know-how" href="https://webnaut.jp/know-how/20170328-2379/" style="background-color: rgba(0, 127, 127, 0.467); position: absolute; transform-style: preserve-3d; transform: translate3d(-50%, -50%, 0px) matrix3d(0.378141, 0, -0.925748, 0, 0.437115, -0.881505, 0.178549, 0, 0.816052, 0.472174, 0.333333, 0, 816.052, 472.174, 333.333, 1);">
								<img src="2.jpg">
							</a>
						
						<a class="element Know-how" href="https://webnaut.jp/others/1166.html" style="background-color: rgba(0, 127, 127, 0.267); position: absolute; transform-style: preserve-3d; transform: translate3d(-50%, -50%, 0px) matrix3d(0.390863, 0, -0.920449, 0, -0.0923864, -0.99495, -0.0392313, 0, 0.915801, -0.100371, 0.388889, 0, 915.801, -100.371, 388.889, 1);">
							<img src="2.jpg">
						</a>
						
						<a class="element Know-how" href="https://webnaut.jp/others/621.html" style="background-color: rgba(0, 127, 127, 0.74); position: absolute; transform-style: preserve-3d; transform: translate3d(-50%, -50%, 0px) matrix3d(0.564564, 0, -0.825389, 0, -0.508979, -0.787235, -0.348141, 0, 0.649775, -0.616654, 0.444444, 0, 649.775, -616.654, 444.444, 1);">
							<img src="2.jpg">
						</a>
						
						<a class="element Technology" href="https://webnaut.jp/technology/20170407-2421/" style="background-color: rgba(0, 127, 127, 0.68); position: absolute; transform-style: preserve-3d; transform: translate3d(-50%, -50%, 0px) matrix3d(0.971599, 0, -0.236634, 0, -0.202895, -0.514616, -0.833069, 0, 0.121775, -0.857421, 0.5, 0, 121.775, -857.421, 500, 1);">
							<img src="2.jpg">
						</a>
						
						<a class="element Technology" href="https://webnaut.jp/technology/20170306-2167/" style="background-color: rgba(0, 127, 127, 0.27); position: absolute; transform-style: preserve-3d; transform: translate3d(-50%, -50%, 0px) matrix3d(0.785306, 0, 0.619108, 0, 0.43757, -0.707439, -0.555034, 0, -0.437981, -0.706775, 0.555556, 0, -437.981, -706.775, 555.556, 1);">
							<img src="2.jpg">
						</a>
						
						<a class="element Technology" href="https://webnaut.jp/technology/20170126-1990/" style="background-color: rgba(0, 127, 127, 0.416); position: absolute; transform-style: preserve-3d; transform: translate3d(-50%, -50%, 0px) matrix3d(0.627197, 0, 0.778861, 0, 0.175264, -0.974353, -0.141136, 0, -0.758885, -0.225026, 0.611111, 0, -758.885, -225.026, 611.111, 1);">
							<img src="2.jpg">
						</a>
						
						<a class="element Technology" href="https://webnaut.jp/technology/20170118-1828/" style="background-color: rgba(0, 127, 127, 0.518); position: absolute; transform-style: preserve-3d; transform: translate3d(-50%, -50%, 0px) matrix3d(0.710096, 0, 0.704105, 0, -0.24246, -0.938841, 0.244523, 0, -0.661042, 0.344352, 0.666667, 0, -661.042, 344.352, 666.667, 1);">
							<img src="2.jpg">
						</a>
						
						<a class="element Technology" href="https://webnaut.jp/technology/20170116-1913/" style="background-color: rgba(0, 127, 127, 0.286); position: absolute; transform-style: preserve-3d; transform: translate3d(-50%, -50%, 0px) matrix3d(0.969172, 0, 0.246385, 0, -0.164301, -0.745195, 0.646289, 0, -0.183605, 0.666846, 0.722222, 0, -183.605, 666.846, 722.222, 1);">
							<img src="2.jpg">
						</a>
						
						<a class="element Technology" href="https://webnaut.jp/direction/1164.html" style="background-color: rgba(0, 127, 127, 0.635); position: absolute; transform-style: preserve-3d; transform: translate3d(-50%, -50%, 0px) matrix3d(0.903844, 0, -0.427861, 0, 0.217958, -0.860522, 0.460431, 0, 0.368184, 0.509414, 0.777778, 0, 368.184, 509.414, 777.778, 1);">
							<img src="2.jpg">
						</a>
						
						<a class="element Technology" href="https://webnaut.jp/others/1165.html" style="background-color: rgba(0, 127, 127, 0.46); position: absolute; transform-style: preserve-3d; transform: translate3d(-50%, -50%, 0px) matrix3d(0.833713, 0, -0.552199, 0, -0.0166522, -0.999545, -0.0251416, 0, 0.551948, -0.0301562, 0.833333, 0, 551.948, -30.1562, 833.333, 1);">
							<img src="2.jpg">
						</a>
						
						<a class="element Technology" href="https://webnaut.jp/markup/1157.html" style="background-color: rgba(0, 127, 127, 0.392); position: absolute; transform-style: preserve-3d; transform: translate3d(-50%, -50%, 0px) matrix3d(0.984864, 0, -0.173329, 0, -0.0746329, -0.90255, -0.424068, 0, 0.156438, -0.430585, 0.888889, 0, 156.438, -430.585, 888.889, 1);">
							<img src="2.jpg">
						</a>
						
						<a class="element Technology" href="https://webnaut.jp/markup/1138.html" style="background-color: rgba(0, 127, 127, 0.3); position: absolute; transform-style: preserve-3d; transform: translate3d(-50%, -50%, 0px) matrix3d(0.95304, 0, 0.302846, 0, 0.0405812, -0.990981, -0.127707, 0, -0.300115, -0.134, 0.944444, 0, -300.115, -134, 944.444, 1);">
							<img src="2.jpg">
						</a>


           		</div>
            </div>
        </div>

            

            <div id="gesture" class="pc"></div>

            <div id="menu">
                    <button id="sphere">PLANET</button>
                    <button id="grid">CATEGORY</button>
            </div>


  <script>


	
		var table = [

            "2.jpg","https://webnaut.jp/column/20171010-3560/","Column",1,1,
			"2.jpg","https://webnaut.jp/column/20170705-3214/","Column",1,2,
			"2.jpg","https://webnaut.jp/column/20170331-2565/","Column",1,3,
			"2.jpg","https://webnaut.jp/column/20170316-2279/","Column",1,4,
			"2.jpg","https://webnaut.jp/column/20170105-1761/","Column",1,5,
			"2.jpg","https://webnaut.jp/design/1178.html","Column",1,6,
			"2.jpg","https://webnaut.jp/others/1176.html","Column",1,7,
			"2.jpg","https://webnaut.jp/direction/1137.html","Column",1,8,
			"2.jpg","https://webnaut.jp/direction/1132.html","Column",1,9,
			"2.jpg","https://webnaut.jp/know-how/20171013-3631/","Design",2,1,
			"2.jpg","https://webnaut.jp/design/20170919-3462/","Design",2,2,
			"2.jpg","https://webnaut.jp/design/20170831-3361/","Design",2,3,
			"2.jpg","https://webnaut.jp/design/20170330-2303/","Design",2,4,
			"2.jpg","https://webnaut.jp/design/20170313-2228/","Design",2,5,
			"2.jpg","https://webnaut.jp/design/20170201-2011/","Design",2,6,
			"2.jpg","https://webnaut.jp/design/1210.html","Design",2,7,
			"2.jpg","https://webnaut.jp/design/1206.html","Design",2,8,
			"2.jpg","https://webnaut.jp/design/1204.html","Design",2,9,
			"2.jpg","https://webnaut.jp/know-how/20171013-3631/","Design",3,1,
			"2.jpg","https://webnaut.jp/know-how/20170905-3415/","Know-how",3,2,
			"2.jpg","https://webnaut.jp/know-how/20170628-3187/","Know-how",3,3,
			"2.jpg","https://webnaut.jp/know-how/20170619-3153/","Know-how",3,4,
			"2.jpg","https://webnaut.jp/know-how/20170421-2936/","Know-how",3,5,
			"2.jpg","https://webnaut.jp/know-how/20170404-2461/","Know-how",3,6,
			"2.jpg","https://webnaut.jp/know-how/20170328-2379/","Know-how",3,7,
			"2.jpg","https://webnaut.jp/others/1166.html","Know-how",3,8,
			"2.jpg","https://webnaut.jp/others/621.html","Know-how",3,9,
			"2.jpg","https://webnaut.jp/technology/20170407-2421/","Technology",4,1,
			"2.jpg","https://webnaut.jp/technology/20170306-2167/","Technology",4,2,
			"2.jpg","https://webnaut.jp/technology/20170126-1990/","Technology",4,3,
			"2.jpg","https://webnaut.jp/technology/20170118-1828/","Technology",4,4,
			"2.jpg","https://webnaut.jp/technology/20170116-1913/","Technology",4,5,
			"2.jpg","https://webnaut.jp/direction/1164.html","Technology",4,6,
			"2.jpg","https://webnaut.jp/others/1165.html","Technology",4,7,
			"2.jpg","https://webnaut.jp/markup/1157.html","Technology",4,8,
			"2.jpg","https://webnaut.jp/markup/1138.html","Technology",4,9,


		];

		var camera, scene, renderer;
		var controls;
		var objects = [];
		var targets = { table: [], sphere: [], helix: [], grid: [] };
		init();
		animate();
		function init() {
			camera = new THREE.PerspectiveCamera( 75, window.innerWidth / window.innerHeight, 1, 5000 );
			camera.position.z = 1800;
			scene = new THREE.Scene();

			// table ====================================

			for ( var i = 0; i < table.length; i += 5 ) {

				var element = document.createElement( 'a' );
				element.className = 'element ' + table[ i + 2];
				//symbol.className = table[ i + 2];
				element.setAttribute("href",table[ i + 1 ])
				element.style.backgroundColor = 'rgba(0,127,127,' + ( Math.random() * 0.5 + 0.25 ) + ')';



				var symbol = document.createElement( 'img' );
				symbol.src = table[ i ];
				//symbol.className = table[ i + 2];
				//symbol.textContent = '<img src="' + table[ i ] + '">';
				element.appendChild( symbol );



				var object = new THREE.CSS3DObject( element );
				object.position.x = Math.random() * 4000 - 2000;
				object.position.y = Math.random() * 4000 - 2000;
				object.position.z = Math.random() * 4000 - 2000;
				scene.add( object );

				objects.push( object );

				//

				var object = new THREE.Object3D();
				object.position.x = ( table[ i + 3 ] * 400 ) - 1240;
				object.position.y = - ( table[ i + 4 ] * 300 ) + 1300;

				targets.table.push( object );

			}

			// sphere ====================================

			var vector = new THREE.Vector3();

			for ( var i = 0, l = objects.length; i < l; i ++ ) {

				var phi = Math.acos( -1 + ( 2 * i ) / l );
				var theta = Math.sqrt( l * Math.PI ) * phi;

				var object = new THREE.Object3D();

				object.position.x = 1000 * Math.cos( theta ) * Math.sin( phi );
				object.position.y = 1000 * Math.sin( theta ) * Math.sin( phi );
				object.position.z = 1000 * Math.cos( phi );

				vector.copy( object.position ).multiplyScalar( 2 );

				object.lookAt( vector );

				targets.sphere.push( object );

			}


			// grid ====================================

			for ( var i = 0; i < objects.length; i ++ ) {

				var object = new THREE.Object3D();

				object.position.x = ( ( i % 3 ) * 400 ) - 400;
				object.position.y = ( - ( Math.floor( i / 3 ) % 3 ) * 400 ) + 400;
				object.position.z = ( Math.floor( i / 9 ) ) * 1000 ;

				targets.grid.push( object );

			}

			// //  ====================================

			renderer = new THREE.CSS3DRenderer();
			renderer.setSize( window.innerWidth, window.innerHeight );
			renderer.domElement.style.position = 'absolute';
			document.getElementById( 'container' ).appendChild( renderer.domElement );

			//

			controls = new THREE.TrackballControls( camera, renderer.domElement );
			controls.rotateSpeed = 0.5;
			controls.addEventListener( 'change', render );

			
			var button = document.getElementById( 'sphere' );
			button.addEventListener( 'click', function ( event ) {

				transform( targets.sphere, 2000 );

			}, false );

			
			var button = document.getElementById( 'grid' );
			button.addEventListener( 'click', function ( event ) {

				transform( targets.grid, 2000 );

			}, false );

			transform( targets.sphere, 2000 );

			//

			window.addEventListener( 'resize', onWindowResize, false );

		}

		function transform( targets, duration ) {

			TWEEN.removeAll();

			for ( var i = 0; i < objects.length; i ++ ) {

				var object = objects[ i ];
				var target = targets[ i ];

				new TWEEN.Tween( object.position )
					.to( { x: target.position.x, y: target.position.y, z: target.position.z }, Math.random() * duration + duration )
					.easing( TWEEN.Easing.Exponential.InOut )
					.start();

				new TWEEN.Tween( object.rotation )
					.to( { x: target.rotation.x, y: target.rotation.y, z: target.rotation.z }, Math.random() * duration + duration )
					.easing( TWEEN.Easing.Exponential.InOut )
					.start();

			}

			new TWEEN.Tween( this )
				.to( {}, duration * 2 )
				.onUpdate( render )
				.start();

		}

		function onWindowResize() {

			camera.aspect = window.innerWidth / window.innerHeight;
			camera.updateProjectionMatrix();

			renderer.setSize( window.innerWidth, window.innerHeight );

		}

		function animate() {

			requestAnimationFrame( animate );

			TWEEN.update();
			controls.update();

		}

		function render() {

			renderer.render( scene, camera );

		}

	</script>
</body>
</html>